282.0 20.0
131.0 81.0
202.0 114.0
206.0 116.0
159.0 119.0
207.0 119.0
156.0 120.0
175.0 126.0
135.0 130.0
171.0 130.0
149.0 139.0
146.0 140.0
150.0 144.0
208.0 146.0
237.0 146.0
160.0 148.0
161.0 150.0
93.0 151.0
136.0 152.0
137.0 152.0
308.0 154.0
309.0 154.0
91.0 157.0
92.0 157.0
217.0 159.0
93.0 160.0
210.0 161.0
113.0 162.0
91.0 163.0
134.0 164.0
118.0 165.0
158.0 165.0
205.0 165.0
116.0 166.0
209.0 166.0
111.0 167.0
114.0 167.0
116.0 167.0
196.0 173.0
196.0 174.0
163.0 183.0
159.0 186.0
133.0 187.0
159.0 188.0
163.0 193.0
97.0 194.0
96.0 195.0
159.0 195.0
163.0 196.0
166.0 196.0
176.0 196.0
189.0 197.0
191.0 197.0
190.0 198.0
156.0 201.0
157.0 201.0
156.0 202.0
277.0 202.0
157.0 203.0
154.0 204.0
155.0 204.0
174.0 205.0
155.0 206.0
159.0 207.0
157.0 208.0
174.0 208.0
158.0 209.0
156.0 210.0
188.0 210.0
184.0 268.0
184.0 269.0
