282 20
131 81
202 114
206 116
159 119
207 119
156 120
175 126
135 130
171 130
149 139
146 140
150 144
208 146
237 146
160 148
161 150
93 151
136 152
137 152
308 154
309 154
91 157
92 157
217 159
93 160
210 161
113 162
91 163
134 164
118 165
158 165
205 165
116 166
209 166
111 167
114 167
116 167
196 173
196 174
163 183
159 186
133 187
159 188
163 193
97 194
96 195
159 195
163 196
166 196
176 196
189 197
191 197
190 198
156 201
157 201
156 202
277 202
157 203
154 204
155 204
174 205
155 206
159 207
157 208
174 208
158 209
156 210
188 210
184 268
184 269
